-0.66, 0.57
0.34, -0.60
-0.85, -0.00
-0.76, 0.86
-0.07, 0.61
-1.00, -0.77
0.00, -0.25
-0.51, 0.14
-0.14, 0.14
-0.92, 0.17
-0.53, -0.33
-0.60, 0.38
-0.68, -0.55
0.55, 0.07
0.62, -0.24
-0.56, 0.31
-0.08, 0.79
-0.72, 0.16
-0.00, 0.76
0.01, 0.36
0.36, 0.88
-0.69, -0.22
-0.64, -0.87
0.62, -0.81
0.01, 0.39
-0.33, -0.74
0.94, 0.51
0.30, 0.19
-0.58, 0.89
-0.87, 0.56
-0.63, 0.70
-0.09, -0.46
0.09, 0.19
-0.33, -0.70
0.48, 0.25
0.63, -0.76
-0.99, 0.41
0.30, 0.06
-0.92, -0.54
-0.04, 0.26
0.89, 0.99
-0.31, 0.58
0.35, 0.35
0.15, -0.29
-0.91, 0.40
0.85, -0.90
-0.27, -0.44
0.76, 0.10
0.65, 0.83
0.96, 0.06
-0.20, -0.84
0.44, -0.57
0.43, -0.76
-0.37, 0.91
-0.85, -0.18
-0.52, 0.53
-0.95, -0.13
-0.80, 0.99
-0.98, -0.21
0.11, -0.86
0.56, -0.45
-0.34, 0.89
-0.59, -0.96
0.66, -0.88
-0.85, -0.53
-0.61, -0.70
0.50, 0.45
0.57, -0.65
0.20, 0.08
0.30, 0.50
0.51, 0.90
-0.96, -0.01
-0.34, 0.25
0.58, 0.41
-0.84, 0.09
0.32, -0.27
0.01, -0.75
0.16, -0.11
0.02, 0.77
0.01, -0.84
0.59, 0.93
-0.66, -0.76
0.41, 0.72
-0.81, -0.08
0.96, -0.14
-0.31, 0.62
-0.27, 0.25
-0.87, -0.02
-0.22, 0.96
0.54, 0.73
0.96, 0.90
-0.38, -0.72
-0.77, -0.96
-0.75, 0.83
0.85, 0.84
-0.99, 0.64
0.46, -0.99
-0.85, 0.46
-0.62, 0.54
-0.71, -0.59
0.08, 0.64
0.81, -0.06
-0.12, 0.85
0.91, -0.82
0.09, 0.29
-0.96, 0.68
0.65, -0.17
0.94, 0.57
-0.63, -0.33
-0.79, -0.90
-0.12, 0.11
-0.87, 0.71
-0.38, -0.10
-0.76, 0.85
0.77, -0.33
-0.92, -0.53
0.41, -0.05
0.70, 0.39
0.90, -0.59
-0.22, 0.74
-0.91, -0.63
0.40, 0.01
0.04, -0.69
0.55, 0.17
-0.68, 0.84
0.18, 0.45
-0.94, 0.79
-0.08, 0.32
0.73, -0.76
0.50, -0.79
-0.62, 0.93
-0.68, 0.36
0.82, 0.17
0.73, -0.96
0.64, 0.16
0.87, 0.15
-0.11, -0.94
0.78, -0.12
0.72, -0.84
0.66, -0.51
0.99, 0.04
-0.70, 0.15
0.95, -0.01
-0.17, -0.30
0.20, -0.08
0.19, -0.61
-0.12, 0.02
-0.81, -0.63
0.92, 0.91
0.48, -0.95
-0.09, -0.98
0.22, -0.47
0.54, 0.62
-0.88, 0.56
-0.80, -0.83
0.63, -0.75
-0.18, -0.53
-0.74, -0.75
0.03, -0.49
0.76, 0.50
0.53, 0.57
0.36, 0.68
-0.36, 0.24
1.00, 0.53
0.94, 0.21
-0.67, 0.17
0.80, 0.17
0.94, 0.39
0.12, 0.28
-0.82, -0.86
0.53, 0.54
-0.75, -0.92
0.95, 0.18
0.95, -0.20
-0.68, 0.60
0.39, -0.92
0.13, 0.36
-0.78, 0.63
0.61, 0.98
0.80, -0.79
0.43, 0.37
0.21, -0.82
-0.38, 0.24
0.04, 0.63
0.68, 0.01
0.62, -0.78
0.07, -0.06
-0.94, -0.21
0.24, -0.37
-0.98, -0.86
0.12, -0.91
0.29, 0.30
-0.48, 0.90
-0.20, -0.37
0.85, 0.99
-0.23, 0.79
-0.98, -0.17
-0.71, -0.61
0.42, -0.19
-0.84, 0.57
-0.19, -0.09
-0.62, 0.01
-0.66, -0.08
-0.16, 0.70
-0.24, 0.92
0.04, -0.27
-0.59, 0.19
0.83, -0.02
0.38, -0.47
0.31, -0.05
-0.60, -0.93
-0.86, -0.09
0.90, 0.25
-0.60, -0.11
0.97, -0.82
0.17, -0.98
-0.87, -0.63
0.15, 0.87
0.83, -0.67
0.89, -0.33
-0.77, 0.94
-0.41, -0.99
-0.18, 0.95
0.22, -0.54
0.86, -0.13
-0.63, -0.40
-0.48, -0.05
0.81, 0.98
0.87, -0.99
0.47, -0.89
0.24, 1.00
-0.23, -0.96
0.48, -0.02
-0.58, 0.19
0.17, -0.42
0.63, 0.06
0.91, 0.88
0.47, -0.86
0.95, -0.56
0.42, -0.74
0.41, -0.38
0.64, -0.76
0.60, -0.03
0.99, 0.86
0.99, -0.18
0.56, 0.95
0.66, -0.19
-0.70, -0.63
0.39, 0.01
0.07, -0.97
0.52, 0.50
-0.71, -0.20
-0.01, -0.58
0.88, 0.21
-0.17, -0.70
-0.98, 0.92
0.77, -0.51
-0.72, 0.17
-0.54, 0.97
0.92, -0.48
-0.32, 0.86
-0.59, -0.12
0.43, 0.93
-0.95, -0.19
0.16, -0.67
0.04, -0.52
-0.66, -0.39
-0.04, -0.04
0.64, -0.29
-0.05, 0.12
-0.29, 0.12
0.64, 0.56
-0.54, 0.70
0.02, 0.52
0.06, -0.90
0.19, -0.99
0.87, 0.91
0.86, 0.51
0.14, 0.11
0.07, -0.16
-0.87, -0.33
-0.70, -0.11
0.23, 0.25
0.86, 0.30
-0.92, 0.50
0.80, 0.17
-0.07, 0.14
0.10, 0.82
0.27, 0.64
-0.99, -0.51
-0.41, -0.66
-0.56, 0.05
0.78, 0.94
-0.79, -0.44
0.18, 0.10
-0.71, 0.07
-0.40, -0.70
0.02, -0.26
-0.94, 0.54
0.71, 0.53
0.04, 0.02
0.39, 0.13
0.83, -0.43
-0.64, -0.19
0.21, -0.57
-0.09, 0.28
-0.08, 0.02
0.70, 0.27
0.32, -0.38
0.81, -0.51
0.93, 0.59
-0.92, 0.63
-0.14, -0.34
0.36, -0.00
0.94, -0.98
-0.32, 0.71
-0.43, -0.62
0.58, 0.85
0.41, 0.43
-0.56, -0.95
-0.57, -0.00
0.71, -0.35
-0.33, -0.51
0.11, 0.81
0.12, -0.13
-0.37, 0.97
-0.34, -0.04
-0.62, 0.23
-0.25, -0.48
-0.69, -0.64
-0.98, 0.21
0.92, 0.65
-0.29, 0.53
-0.56, -0.89
-0.45, 0.70
-0.42, -0.76
-0.59, 0.66
-0.83, 0.98
0.53, 0.97
-0.14, 0.16
0.55, 0.26
-0.70, -0.96
0.-0.66, 0.31
0.83, 0.48
0.08, -0.44
-0.86, -0.49
0.57, 0.74
0.24, 0.19
0.34, -0.32
-0.61, -0.91
0.52, 0.12
0.32, 0.03
0.63, 0.29
0.23, 0.52
-0.38, 0.40
0.37, 0.76
-0.21, 0.36
-0.38, 0.79
-0.61, 0.70
-0.19, -0.50
0.73, -0.75
0.03, -0.37
-0.14, 0.92
-0.13, 0.28
0.05, 0.99
-0.65, -0.58
-0.53, -0.48
0.14, 0.30
0.47, -0.04
-0.42, -0.15
0.45, -0.90
-0.69, 0.44
-0.44, -0.31
0.88, 0.90
0.12, -0.80
-0.86, -0.89
0.59, 0.11
-0.37, 0.47
0.45, 0.58
-0.76, -0.87
-0.81, -0.64
0.44, 0.72
-0.76, 0.74
-0.34, -0.79
0.62, -0.90
0.68, 0.26
-0.91, 0.62
0.38, 0.49
-0.98, 0.53
-0.42, 0.41
-0.17, -0.85
0.42, -0.77
0.72, 0.23
-0.14, -0.93
0.12, 0.10
0.03, 0.85
0.08, 0.82
-0.43, -0.97
-0.06, 0.09
-0.05, -0.69
0.70, -0.63
0.69, 0.87
0.37, 1.00
-0.35, 0.06
-0.65, -0.38
0.79, 0.64
0.78, 0.84
-0.38, -0.01
0.20, -0.92
-0.20, 0.57
-0.80, -0.22
-0.87, 0.80
-0.67, 0.99
-0.07, -0.30
-0.31, -0.57
0.29, -0.72
0.66, -0.88
-0.60, -0.20
-0.24, 0.85
-0.48, 0.63
-0.23, -0.53
0.77, -0.45
0.10, -0.03
0.56, 0.84
0.35, 0.92
0.33, -0.37
-0.93, -0.97
-0.57, 0.85
-0.45, -0.08
0.99, -0.75
-0.72, 0.69
0.97, -0.18
0.27, -0.01
-0.00, -0.59
-0.07, 0.61
-0.11, -0.99
0.34, -0.88
0.07, -0.37
-0.74, -0.62
-0.36, -0.47
-0.52, -0.72
0.41, -0.23
0.70, -0.77
0.83, 0.03
0.18, 0.27
-0.16, 0.15
-0.12, -0.54
-0.12, 0.93
-0.23, 0.37
-0.80, -0.87
-0.23, 0.26
-0.27, -0.94
0.11, -0.94
0.21, 0.58
0.19, 0.92
-0.10, -0.51
0.37, -0.16
-0.65, -0.31
-0.68, -0.33
-0.20, 0.42
0.47, 0.52
-0.86, -0.29
-0.67, 0.49
-0.54, 0.40
-0.69, 0.89
0.55, -0.13
0.06, -0.39
0.18, 0.45
-0.49, -0.66
-0.72, -0.51
-0.63, -0.12
0.09, -0.46
-0.04, -0.72
-0.87, 0.20
-0.71, 0.91
0.31, 0.61
0.48, -0.61
0.97, 0.25
-0.89, 0.52
-0.61, -0.69
-0.84, -0.41
-0.18, 0.93
0.60, 0.02
0.92, 0.18
0.46, 0.35
-0.44, 0.91
1.00, -0.44
0.53, -0.92
-0.10, -0.50
0.72, -0.83
0.48, -0.36
-0.91, -0.54
0.52, -0.48
0.88, 0.26
0.42, -0.58
0.67, -0.08
-0.20, 0.93
-0.89, 0.20
0.71, 0.29
0.60, -0.15
-0.25, -0.82
-0.21, 0.78
0.90, -0.54
0.88, 0.05
-0.63, -0.82
0.38, -0.65
-0.09, -0.65
0.81, -0.57
0.01, -0.72
-0.01, -0.39
-0.44, 0.13
0.44, 0.63
-0.81, -0.81
0.22, -0.38
-0.49, 0.29
0.03, -0.08
0.67, -0.32
-0.65, -0.24
-0.67, -0.85
-0.75, 0.32
-0.73, 0.29
-0.29, 0.16
0.77, 0.34
-0.34, -0.11
0.53, 0.40
-0.49, 0.69
0.19, 0.32
-0.77, 0.31
0.44, -0.11
0.74, 0.37
0.83, 0.76
-0.15, -0.37
0.14, -0.30
-0.27, 0.79
-0.83, 0.89
0.81, -0.53
0.53, -0.82
0.20, -0.71
0.15, -0.18
0.12, 0.35
0.29, 0.72
0.38, 0.14
-0.96, 0.66
0.06, 0.59
0.27, -0.64
0.21, -0.05
0.39, 0.30
0.02, -0.48
0.37, 0.63
0.39, -0.13
0.24, -0.79
0.86, -0.64
-0.70, 0.11
0.23, 0.87
0.01, -0.05
0.83, 0.22
-0.42, 0.03
0.81, 0.36
-0.99, -0.61
-0.93, 0.86
-0.88, -0.73
0.13, 0.69
0.08, -0.54
0.23, -0.07
-0.25, 0.70
0.27, -0.92
0.16, 0.64
0.15, -0.65
0.41, 0.04
0.09, -0.70
0.93, 0.49
-0.03, 0.27
0.61, -0.80
-0.72, -0.48
-0.91, -0.93
0.90, 0.86
-0.06, -0.84
0.40, 0.97
0.90, 0.53
-0.73, 0.28
0.78, 0.06
-0.33, -0.42
0.17, -0.33
0.58, -0.92
-0.39, 0.44
-0.87, 0.36
0.27, 0.28
-0.44, -0.55
-0.69, 0.44
-0.21, -0.70
-0.07, -0.44
0.95, -0.27
-0.71, -0.24
0.84, -0.67
0.68, -0.91
-0.61, -0.11
-0.26, -0.02
0.77, -0.98
-0.20, 0.24
-0.55, 0.13
0.27, -0.47
-0.07, -0.59
0.80, -0.18
-0.14, -0.25
-0.45, 0.97
0.11, -0.85
-0.73, -0.16
-0.37, -0.86
0.59, -0.27
0.03, -0.55
0.50, -0.54
0.89, -0.20
0.67, -0.09
0.95, -0.18
0.61, 0.05
0.59, -0.63
0.31, -0.42
0.52, -0.39
0.09, -0.96
-0.35, -0.22
-0.94, -0.80
-0.74, -0.64
0.97, 0.82
0.36, -0.69
0.02, -0.18
-0.75, -0.75
-0.26, 0.77
0.31, 0.74
-0.59, -0.62
-0.06, -0.10
-0.19, -0.95
0.02, -0.51
-0.94, 0.01
0.59, -0.32
0.85, 0.67
-0.38, -0.33
-0.16, 0.89
-0.84, -0.62
-0.99, 0.28
0.37, 0.08
-0.39, -0.12
-0.90, -0.73
-0.05, -0.06
0.08, 0.60
0.71, 0.53
-0.50, -0.63
-0.20, -0.75
0.51, 0.86
0.93, -0.50
-0.73, -0.49
-0.08, -0.85
-0.06, 0.55
-0.79, 0.64
0.19, 0.56
0.82, -0.41
0.85, 0.81
-0.71, 0.37
-0.78, -0.37
0.71, 0.58
0.61, 0.91
0.71, 0.69
0.81, 0.76
-0.57, 0.72
-0.23, -0.22
0.29, -0.14
-0.98, -0.33
-0.20, -0.02
-0.01, 0.66
-0.42, -0.73
-0.84, 0.04
0.71, -0.53
0.18, -0.36
-0.01, 0.86
-0.55, -0.75
-0.33, 0.14
0.10, 0.42
-0.58, 0.42
-0.26, 0.80
0.65, -0.51
0.83, 0.93
-0.85, -0.55
0.44, 0.01
-0.63, 0.41
-0.56, 0.18
-0.39, 0.70
-0.27, -0.08
-0.28, 0.25
-0.64, -0.09
-0.50, -0.01
-0.23, -0.95
0.09, -0.79
-0.44, -0.95
-0.86, 0.18
0.14, -0.43
-0.78, 0.85
0.04, 0.07
0.84, 0.31
-0.36, 0.85
-0.70, 0.74
0.80, 0.94
0.17, -0.50
-0.43, 0.99
0.04, 0.40
0.21, 0.13
-0.05, 0.27
0.49, -0.70
-0.76, -0.28
0.24, 0.65
-0.54, 0.28
0.90, 0.65
-0.41, -0.81
0.39, -0.97
0.69, 0.40
0.69, -0.89
0.16, -0.59
0.75, 0.05
-0.18, 0.25
-0.94, -0.73
0.08, 0.35
0.67, 0.28
-0.89, 0.51
0.15, -0.19
0.95, 0.70
-0.83, 0.15
0.87, -0.17
-0.97, 0.45
0.93, 0.39
0.74, -0.09
0.92, -0.14
0.61, -0.75
-0.92, -0.32
0.75, -0.34
0.97, -0.33
-0.44, 0.73
-0.23, 0.67
-0.66, 0.15
-0.21, -0.65
-0.89, -0.24
-0.93, 0.74
-0.01, -0.99
0.48, 0.25
0.89, -0.06
-0.24, -0.41
0.05, 0.40
0.86, 0.50
-0.60, 0.99
-0.92, 0.97
0.40, -0.07
0.97, 0.53
-0.97, -0.10
-0.54, 0.57
0.83, -0.16
0.24, 0.83
0.88, -0.14
0.79, -0.73
0.86, -0.42
-0.48, -0.26
0.56, -0.62
-0.99, 0.29
-0.08, -0.94
0.83, -0.07
-0.95, -0.66
0.09, 0.85
-0.36, -0.57
0.67, -0.76
-0.11, -0.54
0.21, -0.80
0.59, 0.05
-0.86, -0.19
-0.42, 0.99
0.53, 0.80
-0.79, -0.71
0.93, -0.77
0.10, -0.85
-0.53, -0.31
0.75, -0.45
0.41, -0.68
0.08, 0.12
0.65, -0.84
0.39, -0.27
0.10, -0.49
-0.81, -0.46
0.52, -0.46
-0.06, -0.13
-0.09, 0.35
0.63, -0.82
0.42, -0.87
0.11, 0.10
0.14, -0.93
0.82, -0.40
-0.92, 0.35
0.44, -0.00
-0.12, -0.58
0.22, -0.64
-0.82, 0.51
-0.19, 0.56
0.04, -0.06
0.80, 0.58
-0.32, -0.01
0.03, -0.76
0.94, 0.53
-0.37, 0.62
0.64, 0.65
-0.86, 0.37
0.98, 0.41
-0.65, 0.71
0.02, 0.55
0.65, 0.92
0.30, -0.98
-0.46, -0.45
0.95, 0.01
-0.47, -0.06
0.34, -0.30
-0.10, 0.04
-0.15, 0.97
0.88, -0.74
0.67, 0.92
0.25, -0.31
0.91, -0.09
-0.65, 0.70
-0.70, 0.79
0.99, 0.79
0.58, -0.12
-0.47, -0.66
-0.92, -0.67
-0.02, -0.89
-0.67, -0.61
-0.72, -0.16
0.07, 0.33
-0.01, -0.15
0.78, -0.85
0.47, -0.62
-0.34, 0.66
-0.38, 0.03
0.32, 0.91
-0.01, -0.33
-0.78, -0.27
0.04, 0.08
0.93, -0.26
0.23, -0.44
-0.08, -0.15
0.63, -0.71
0.31, -0.43
0.71, -0.32
0.07, 0.03
-0.57, 0.39
0.40, -0.10
-0.30, 0.67
0.67, -0.42
0.19, 0.58
1.00, -0.29
-0.92, 0.65
-0.11, 0.80
-0.41, -0.74
-0.37, -0.50
-0.36, 0.96
0.71, 0.93
0.21, 0.72
-0.57, -0.63
0.49, -0.89
0.73, 0.09
0.98, -0.51
0.94, -0.64
-0.71, 0.85
-0.18, 0.98
0.37, -0.05
-0.64, -0.03
-0.63, 0.52
-0.39, 0.99
-0.74, 0.61
0.49, -0.37
0.47, -0.91
0.17, 0.58
0.23, 0.16
-0.53, 0.06
0.82, 0.63
0.69, -0.07
-1.00, 0.24
-0.85, -0.66
0.20, -0.82
0.26, 0.49
-0.47, -0.70
0.38, -0.45
-0.77, -0.39
0.26, -0.77
-0.34, -0.88
0.95, 0.76
-0.53, 0.28
0.89, -0.84
0.80, 0.30
0.63, 0.31
0.11, 0.45
0.03, -0.43
0.27, -0.86
-0.09, 0.19
0.67, -0.71
0.10, 0.48
-0.38, -0.73
-0.15, -0.62
0.54, -0.81
0.55, -0.78
-0.53, 0.32
-0.74, -0.68
0.92, 0.14
0.76, -0.23
0.37, -0.90
0.23, 0.60
0.52, 0.63
-0.56, 0.88
0.66, -0.68
-0.43, 0.48
-0.76, 0.66
-0.06, -0.98
-0.64, 0.12
-1.00, -0.64
0.54, 0.93
-0.98, -0.55
-0.50, 0.06
-0.55, -0.39
0.62, 0.13
0.75, 0.93
0.95, -0.19
-0.90, 0.47
-0.44, 0.43
-0.14, 0.73
-0.03, 0.16
0.91, -0.66
-0.74, 0.17
-0.61, 0.44
-0.86, -1.00
0.73, -0.51
-0.58, -0.94
0.89, -0.88
-0.94, -0.06
-0.24, 0.91
-0.94, 0.19
0.61, 0.90
0.79, 0.39
0.42, -0.61
0.76, 0.46
0.56, -0.68
0.39, 0.51
-0.68, 0.87
-0.43, 0.80
-0.52, -0.80
0.99, 0.57
-0.96, 0.08
-0.46, 0.16
0.93, -0.08
-0.46, -0.60
0.89, 0.38
0.58, 0.50
0.67, 0.18
-0.31, 0.58
-0.74, 0.86
0.20, 0.70
0.87, 0.32
-0.18, 0.58
-0.18, -0.65
0.17, -0.86
-0.53, -0.30
-0.22, 0.08
-0.38, 0.79
-0.35, -0.30
-0.14, 0.83
0.98, 0.44
0.14, -0.75
-0.31, 0.63
0.98, 0.42
-0.83, 0.15
0.42, 0.92
0.18, 0.81
-0.50, -0.34
-0.67, 0.82
-0.31, 0.52
0.93, -0.44
0.33, 0.59
-0.22, -0.68
0.31, 0.05
-0.26, 0.31
0.18, -0.34
0.21, 0.04
0.93, -0.46
-0.19, -0.74
0.44, -0.43
0.03, -0.55
-0.36, -0.48
0.52, -0.59
-0.81, 0.61
0.00, -0.96
-0.38, -0.27
-0.69, 0.70
-0.51, -0.62
-0.82, 0.10
-0.35, -0.78
0.83, 0.34
0.96, 0.18
-0.18, -0.43
-0.72, -0.95
0.80, -0.54
0.29, 0.61
0.17, 0.71
-0.39, -0.57
0.72, -0.35
0.38, 0.28
-0.92, 0.69
0.63, 0.30
-0.63, -0.15
0.82, 0.67
0.98, 0.51
0.69, 0.66
0.92, -0.65
-0.81, -0.83
-0.51, -0.77
-0.14, -0.62
0.81, -0.01
0.49, -0.28
-0.37, 0.76
0.73, 0.53
0.89, 0.89
0.21, 0.04
0.38, 0.83
0.92, -0.77
0.00, 0.94
0.08, 0.062, 0.36
-0.44, -0.88
-0.83, -0.71
0.34, 0.23
-0.54, -0.86
0.32, 0.11
-0.51, 0.54
-0.25, 0.15
0.36, -0.48
-0.87, 0.71
0.39, -0.26
0.34, -0.93
0.31, 0.37
-0.26, -0.10
-0.05, 0.81
-0.71, -0.85
0.94, 0.61
0.76, 0.21
-0.09, -0.06
-0.76, -0.90
-0.75, -0.33
-0.69, 0.28
0.20, -0.86
-0.69, -0.79
0.68, 0.84
0.30, -0.29
-0.54, -0.34
-0.79, 0.22
0.26, 0.24
0.05, 0.75
-0.79, -0.13
-0.96, -0.16
0.32, -0.44
-0.93, -0.86
0.63, 0.07
-0.77, 0.18
0.13, 0.76
0.98, -0.79
-0.18, 0.92
0.71, 0.35
-0.25, 0.52
-0.37, -0.03
-0.40, -0.95
0.85, -0.94
-0.11, 0.26
0.84, -0.80
0.81, 0.66
-0.51, -0.73
-0.71, -0.01
-0.32, -0.97
0.71, -0.57
-0.89, -1.00
0.62, 0.65
-0.27, -0.12
0.69, 0.54
-0.17, 0.82
0.02, 0.59
0.03, 0.00
-0.63, 0.64
-0.22, 0.95
0.60, -0.32
0.18, 0.61
0.13, 0.85
-0.76, -0.91
0.46, 0.29
-0.29, 0.28
0.95, 0.01
0.59, -0.02
-0.34, 0.59
-0.40, 0.04
-0.89, 0.10
-0.95, 0.93
0.64, -0.63
0.32, 0.92
0.28, 0.08
-0.32, 0.03
-0.94, 0.69
-0.18, 0.71
0.33, -1.00
-0.08, 0.38
0.09, -0.28
0.67, -0.59
-0.53, 0.57
0.41, 0.78
0.86, -0.60
0.44, -0.86
-0.47, -0.23
0.11, 0.29
0.41, -0.90
0.70, -0.56
-0.31, -0.15
0.69, 0.37
0.89, -0.75
-0.26, 0.52
0.90, -0.44
-0.93, 0.88
0.98, 0.68
0.06, 0.28
-0.72, 0.75
0.80, 0.17
-0.75, 0.34
0.03, -0.01
0.12, 0.77
-0.31, 0.85
0.16, 0.03
0.10, 0.90
0.37, -0.05
-0.81, 0.71
0.66, 0.09
-0.39, -0.35
-0.24, -0.15
-0.48, -0.81
0.33, -0.85
0.81, 0.42
0.45, -0.98
0.72, -0.23
-0.48, 0.19
-0.12, -0.11
0.73, -0.43
-0.11, 0.69
0.49, -0.26
-0.63, 0.30
-0.86, -0.87
-0.52, -0.44
-0.67, 0.46
-0.78, 0.01
-0.12, 0.76
-0.37, 0.09
0.75, 0.83
-0.44, 0.89
-0.47, -0.44
-0.76, -0.03
0.54, 0.10
0.99, 0.62
0.16, -0.20
0.16, 0.81
0.19, -0.02
0.49, 0.52
0.84, 0.09
0.86, -1.00
0.24, 0.65
-0.06, -0.86
-0.83, -0.22
-0.78, 0.88
0.62, -0.23
-0.83, -0.47
0.45, 0.47
-0.07, 0.66
0.36, -0.27
0.95, 0.68
0.06, -0.20
-0.18, 0.22
-0.87, -0.04
0.87, -0.25
0.85, 0.41
-0.72, 0.64
-0.45, -0.29
-0.04, -0.23
0.19, 0.76
0.97, 0.18
-0.16, 0.43
-0.24, 0.06
-0.39, -0.85
-0.62, 0.01
-0.55, -0.67
-0.47, 0.81
1.00, -0.94
0.34, -0.44
-0.96, 0.86
0.29, 0.97
0.37, 0.82
0.79, -0.92
0.20, -0.51
-0.91, -0.93
-0.39, -0.84
0.47, 0.29
0.79, -0.52
-0.05, 0.63
0.73, 0.23
0.67, -0.75
0.78, -0.48
0.26, 0.44
-0.73, 0.92
-0.38, 0.44
-0.68, -0.57
-0.72, 0.18
0.59, -0.45
-0.25, 0.24
0.45, 0.84
-0.12, -0.84
0.78, -0.93
-0.13, 0.87
0.50, -0.73
-0.44, -0.99
-0.07, -1.00
0.68, -0.57
-0.28, -0.21
-0.06, 0.99
0.42, -0.24
-0.40, 0.33
-0.18, 0.66
0.99, 0.29
-0.35, -0.92
0.05, 0.62
-0.67, 0.50
-0.39, 0.07
-0.21, 0.99
0.99, -0.15
-0.30, -0.85
-0.03, -0.30
0.44, 0.53
-0.26, -0.56
0.09, -0.02
-0.13, -0.40
0.70, 0.93
0.97, 0.05
0.61, -0.92
-0.32, 0.86
0.23, 0.91
-0.56, 0.56
-0.68, 0.53
0.79, 0.96
-0.24, -0.16
-0.33, -0.65
-0.75, -0.72
0.89, 0.91
0.96, 0.51
0.74, 0.89
-0.27, 0.33
0.05, 0.89
-0.57, 0.02
0.57, 0.76
0.59, 0.24
0.96, -0.27
-0.79, -0.13
-0.69, 0.01
-0.53, -0.37
-0.89, 0.95
0.65, 0.15
0.55, 0.07
-0.85, -0.40
0.68, 0.86
-0.53, -0.82
0.51, -0.34
-0.30, -0.01
-0.35, 0.23
0.44, 0.12
0.64, -0.69
-0.36, -0.62
-0.42, 0.20
0.17, 0.41
-0.80, -0.90
0.54, -0.64
-0.81, -0.24
0.58, -0.90
-0.94, 0.70
0.18, -0.79
0.48, 0.63
0.98, -0.85
-0.83, -0.74
0.28, 0.40
0.30, 0.68
-0.99, -0.29
0.36, 0.22
-0.86, -0.13
-0.72, 0.74
0.56, 0.85
0.01, -0.32
-0.88, 0.63
-0.30, -0.53
0.08, 0.72
0.24, -0.27
-0.38, 0.04
-0.59, -0.20
0.49, 0.60
-0.52, 0.43
-0.01, -0.24
-0.24, 0.50
0.90, -0.09
0.41, -0.06
0.76, -0.90
0.15, -0.48
-0.89, -0.98
-0.15, -0.65
-0.82, -0.98
0.85, -0.02
0.08, 0.86
-0.20, 0.41
-0.82, 0.56
0.61, 0.21
-0.67, -0.54
-0.68, 0.36
0.19, -0.47
0.54, 0.36
0.77, -0.15
-0.28, 0.58
-0.90, -0.96
0.77, 0.86
0.41, -0.40
0.42, -0.36
0.07, 0.12
-0.54, 0.27
-0.79, 0.97
-0.33, 0.67
0.79, 0.61
-0.74, -0.27
0.56, 0.72
0.37, -0.66
-0.79, -0.34
-0.02, 0.88
-0.66, -0.66
-0.26, -0.13
-0.46, 0.10
-0.18, -0.43
0.77, -0.25
0.40, -0.14
-0.51, -0.30
0.67, -0.89
0.76, 0.46
0.21, 0.86
0.36, -0.13
0.19, 0.98
0.84, -0.66
-0.14, 1.00
-0.51, 0.03
-0.88, 0.20
0.44, -0.68
-0.79, 0.84
0.51, -0.03
0.66, 0.34
0.85, 0.61
0.65, -0.78
-1.00, -0.20
0.87, -0.56
0.77, 0.87
0.11, -0.26
-0.65, -0.50
-0.87, -0.44
-0.33, -0.59
-0.83, -0.22
0.30, 0.71
-0.78, 0.16
-6
-0.15, -0.96
-0.54, 0.59
0.29, 0.48
-0.99, -0.71
0.67, -0.91
-0.59, 0.79
-0.21, -0.92
0.77, -0.16
0.72, 0.64
-0.05, 0.91
-0.56, 0.55
-0.63, 0.38
-0.81, -0.30
-0.36, 0.30
0.94, -0.44
-0.11, 0.36
0.44, 0.97
0.73, 0.40
0.04, 0.24
-0.74, -0.15
-0.17, -0.92
-0.61, 0.24
0.37, -0.69
0.51, -0.84
0.67, 0.53
-0.40, 0.04
0.97, -0.17
-0.67, 0.60
-0.49, 0.20
0.79, 0.43
-0.67, -0.02
0.16, -0.49
-0.46, -0.35
-0.95, -0.80
0.42, 0.25
0.50, -0.34
0.84, 0.14
-0.05, -0.39
-0.41, -0.42
-0.81, 0.06
0.33, -0.75
-0.05, 0.27
-0.38, 0.76
-0.27, -0.37
0.24, 0.60
-0.61, 0.91
0.56, 0.37
-0.59, -0.90
-0.18, 0.81
0.80, 0.18
-0.14, -0.08
0.39, -0.09
0.76, -0.44
0.03, -0.26
-0.08, -0.03
0.52, 0.48
-0.53, 0.91
0.95, -0.50
0.35, -0.79
-0.30, -0.12
0.24, -0.91
-0.93, 0.39
0.38, 0.20
-0.13, -0.78
-0.91, -0.79
0.64, -0.14
-0.57, -1.00
-0.96, 0.68
0.14, -1.00
-0.54, 0.87
-0.83, -0.51
0.81, -0.46
0.20, -0.23
-0.19, 0.25
-0.05, 0.21
-0.35, -0.02
-0.18, 0.56
-0.59, 0.63
-0.41, 0.15
-0.27, -0.07
-0.66, -0.72
0.69, 0.82
-0.06, 0.43
0.15, -0.87
-0.42, 0.56
-0.21, 0.35
0.28, -0.26
-0.14, 0.69
0.49, 0.00
-0.50, 0.59
0.85, 0.66
0.66, 0.32
-0.90, 0.74
-0.35, -0.69
0.51, 0.97
0.31, -0.61
0.54, 0.06
0.65, -0.01
-0.91, -0.08
0.00, 0.10
0.71, 0.38
-0.93, 0.60
0.34, -0.72
-0.94, 0.03
-0.14, 0.96
-0.15, -0.38
0.25, -0.96
0.08, 0.75
-0.55, 0.11
0.16, -0.79
0.57, 0.20
0.09, 0.22
-0.63, -0.54
-0.81, 0.79
-0.30, -0.44
0.42, 0.30
-0.16, -0.58
-0.12, -0.41
0.04, 0.63
0.79, -0.48
-0.21, 0.83
-0.98, 0.62
-0.04, 0.87
-0.87, 0.96
0.99, -0.12
0.22, -0.47
-0.27, 0.24
0.73, 0.66
-0.47, 0.95
-0.81, -0.89
0.78, 0.41
-0.44, -0.72
-0.92, 0.59
-0.28, 0.38
-0.25, 0.65
-0.32, -0.79
0.18, -0.06
0.16, 0.70
0.98, -0.25
0.71, 0.05
0.31, -0.01
0.14, 0.23
0.07, -0.74
-1.00, -0.82
0.80, -0.08
0.92, -0.33
-0.14, 0.86
0.59, -0.02
0.63, 0.82
0.10, -0.19
-0.68, 0.18
0.91, 0.09
0.25, -0.67
-0.79, 0.24
-0.36, -0.15
0.31, -0.24
0.62, -0.61
0.08, 0.67
-0.73, -0.13
-0.62, 0.85
-0.25, 0.93
0.78, -0.07
-0.37, -0.80
0.28, 0.37
-0.64, 0.94
0.14, 0.79
0.23, -0.16
-0.09, -0.45
-0.92, 0.15
-0.24, -0.61
0.14, -0.08
-0.43, -0.57
0.68, 0.52
0.89, -0.06
0.13, 0.18
-0.23, 0.97
0.49, 0.09
0.75, 0.21
0.61, 0.40
-0.59, -0.57
0.22, -0.92
0.29, -0.77
-0.30, 0.76
-0.23, 0.63
0.12, 0.12
-0.95, -0.97
-0.75, 0.21
-0.37, -0.84
-0.54, -0.65
-0.66, -0.73
0.90, -0.60
-0.89, -0.18
-0.79, -0.47
-0.62, -0.21
0.77, -0.13
-0.64, -0.69
-0.68, 0.97
-0.96, -0.84
0.67, -0.51
0.64, 0.38
-0.05, -0.37
0.28, 0.82
0.20, -0.26
-0.37, 0.72
-0.95, 0.03
0.61, -0.99
-0.99, 0.31
0.31, 0.35
0.82, -0.93
-0.66, -0.76
0.79, 0.45
-0.05, 0.98
-0.67, -0.14
0.91, 0.13
-0.34, -0.26
0.48, 0.32
-0.80, -0.89
-0.66, -0.90
-0.64, -0.76
-0.72, 0.87
-0.58, -0.42
0.65, 0.34
0.54, -0.69
-0.67, -0.11
-0.29, 0.26
0.55, 0.17
0.62, 0.43
-0.86, 0.42
-0.24, 0.10
0.70, -0.44
0.92, 0.68
0.29, 0.57
-0.92, -0.64
0.97, 0.98
0.22, -0.53
0.53, -0.22
-0.03, -0.18
-0.65, 0.81
0.20, 0.80
-0.04, -0.57
-0.86, 0.73
-0.90, 0.14
0.73, -0.83
-0.11, -0.39
-0.27, 0.85
-0.63, 0.49
0.77, 0.80
0.98, 0.72
-0.03, 0.81
0.04, 0.17
0.74, -0.34
0.27, 0.55
0.63, 0.77
0.11, 0.06
0.42, -0.08
0.84, -0.34
-0.99, -0.66
0.20, -0.51
-0.24, -0.66
-0.17, 0.87
-0.90, 0.62
-0.92, -0.05
-0.22, 0.33
-0.87, -0.39
-0.87, -0.52
0.30, 0.20
0.04, -0.28
-0.05, -0.96
-0.42, 0.14
-0.95, -0.47
0.84, -0.96
-0.71, -0.18
-0.70, -0.48
-0.73, -0.57
-0.30, 0.36
-0.34, 0.65
0.97, -0.34
0.92, 0.65
-0.33, 0.54
-0.49, -0.12
0.41, 0.08
-0.13, 0.74
0.94, -0.09
-0.90, -0.83
0.12, 0.90
0.20, 0.67
0.65, -0.12
0.87, 0.73
-0.74, 0.59
-0.41, -0.12
-0.86, 0.67
0.17, 0.05
0.18, -0.43
0.52, 0.05
-0.56, 0.41
0.53, -0.62
0.50, 0.37
-0.41, 0.83
0.90, 0.06
0.52, 0.33
0.89, 0.49
0.75, -0.50
0.21, 0.16
0.10, 0.90
-0.58, -0.56
0.79, -0.50
-0.33, 0.55
0.36, 0.71
0.85, -1.00
-0.16, -0.10
-0.03, 0.47
-0.15, 0.29
0.90, 0.66
0.86, 0.28
0.17, 0.31
-0.81, -0.93
-0.95, 0.71
0.83, -0.55
0.76, -0.25
-0.71, 0.01
-0.94, -0.77
0.50, -0.05
-0.66, 0.19
0.41, 0.75
0.41, -0.57
0.58, 0.50
0.18, -0.82
-0.58, 0.21
0.99, 0.97
0.47, -0.14
-0.09, -0.42
-0.43, -0.66
0.54, -0.97
0.58, 0.50
0.50, 0.35
-0.24, -0.80
-0.96, 0.79
0.62, -0.87
0.27, -0.76
-0.50, 0.15
0.54, 0.79
-0.16, -0.70
0.18, 0.45
0.15, -0.30
-0.80, -0.01
-0.54, -0.04
-0.68, 0.56
0.22, 0.25
-0.30, 0.69
-0.12, 0.68
-0.41, -0.11
0.97, -0.28
0.68, -0.06
-0.55, 0.14
-0.45, -0.98
-0.18, 0.30
0.35, 0.62
-0.24, 0.08
0.07, 0.08
-0.08, -0.73
0.38, -0.70
0.60, 0.62
-0.50, 0.02
-0.17, -0.96
0.12, -0.22
-0.20, -0.55
-0.73, 0.23
0.70, 0.03
0.90, 0.06
0.76, -0.99
0.03, -0.16
-0.00, -0.36
-0.32, -0.64
0.03, -0.18
0.58, 0.06
0.60, 0.15
0.70, -0.06
-0.22, 0.80
-0.68, -0.06
0.18, 0.36
0.24, 0.88
-0.99, -0.06
0.37, -0.35
0.37, -0.04
0.85, -0.06
-0.76, 0.60
0.66, 0.15
-0.78, -0.75
-0.69, -0.01
-0.17, -0.04
0.79, -0.44
0.60, 0.44
0.46, -0.27
-0.26, 0.78
-0.83, -0.77
-0.71, 0.36
0.97, -0.70
-0.25, 0.43
-0.69, -0.25
-0.20, -0.09
-0.89, 0.51
-0.33, -0.62
-0.61, -0.96
-0.66, 0.03
-0.29, 0.61
-0.92, -0.62
-0.65, 0.14
0.09, -0.13
-0.59, -0.69
0.20, 0.91
-0.21, -0.05
-0.49, 0.60
0.90, -0.23
0.76, -0.14
-0.37, -0.54
0.69, -0.02
0.71, -0.56
-0.65, 0.42
0.02, 0.85
-0.50, -0.96
-0.90, 0.18
0.50, 0.16
0.08, 0.14
-0.51, -0.71
-0.28, 0.20
0.66, 0.17
-0.80, -0.86
-0.40, 0.98
0.97, -0.01
0.69, 0.85
0.54, -0.78
-0.25, -0.50
0.90, 0.35
-0.64, -0.69
0.32, 0.87
0.25, -0.55
0.40, -0.37
-0.46, -0.10
0.31, -0.85
-0.04, -0.56
0.11, 0.21
0.26, 0.32
-0.20, 0.10
-0.27, -0.24
0.23, 0.33
0.77, 0.04
-0.52, 0.81
-0.51, 0.59
0.75, 0.08
-0.74, -0.22
0.48, 0.86
0.64, 0.42
-0.92, 0.25
0.93, -0.41
0.87, 0.87
-0.72, 0.19
-0.08, 0.60
0.91, -0.49
0.75, -0.44
0.58, -0.95
0.73, -0.14
0.43, 0.89
0.56, -0.06
-0.66, 0.53
0.33, -0.49
-0.69, 0.89
0.32, -0.36
0.99, -0.01
0.19, 0.73
0.60, 0.08
-0.14, 0.85
0.02, -0.05
-0.48, 0.71
0.70, -0.03
0.94, 0.24
-0.17, -0.14
0.91, -0.27
-0.55, 0.94
0.49, 0.15
0.20, 0.83
0.92, -0.87
-0.06, 0.30
0.86, 0.17
0.83, -0.63
-0.18, 0.98
0.92, 0.21
0.05, 0.76
-0.22, 0.54
0.00, 0.03
-0.84, 0.01
0.87, 0.83
-0.46, 0.13
-0.46, -0.20
0.42, 0.65
-0.71, -0.05
0.30, -0.07
-0.33, 0.81
-0.54, -0.65
-0.81, -0.95
0.65, -0.88
0.06, 0.41
-0.25, -0.05
-0.23, -0.99
0.99, -0.33
0.43, 0.66
-0.80, -0.18
0.97, -0.49
0.66, -0.01
-0.86, 0.80
0.63, -0.52
0.39, -0.65
0.86, 0.53
-0.46, -0.54
0.77, -0.66
-0.68, -0.92
-0.03, -0.15
-0.09, -0.94
0.22, 0.19
-1.00, -0.80
-0.92, -0.36
-0.93, 0.69
-0.97, -0.22
0.71, -0.90
-0.10, -0.93
-0.46, -0.22
-0.88, 0.55
0.56, -0.63
0.38, 0.50
0.86, 0.77
-0.04, -0.22
-0.63, 0.36
0.23, 0.34
0.61, 0.85
-0.71, 1.00
0.53, 0.71
-0.18, -0.10
0.68, -0.35
-0.58, 0.56
0.58, -0.62
0.43, 0.75
0.27, -0.90
0.75, -0.34
0.91, -0.41
-0.18, -0.67
-0.18, 0.62
-0.18, -0.39
-0.45, 0.78
-0.91, 0.90
-0.13, -0.55
-0.20, -0.71
0.12, 0.49
-0.18, -0.73
-0.74, 0.13
0.93, -0.99
-0.16, -0.91
-0.70, 0.02
0.72, 0.47
0.91, -0.04
-0.98, 00.80, -0.35
0.24, 0.60
-0.04, -0.49
0.65, 0.19
0.81, -0.95
0.74, -0.80
-0.34, -0.32
-0.40, 0.36
-0.06, 0.01
-0.31, 0.25
-0.25, -0.29
0.50, -0.36
0.56, 0.62
-0.78, 0.12
-0.16, -0.45
0.15, -0.91
0.59, 0.30
0.97, 0.81
0.18, 0.71
-0.43, -0.53
0.16, -0.25
0.00, 0.65
-0.05, 0.52
-0.70, 0.87
0.97, -0.12
-0.70, -0.16
-0.32, 0.96
-0.09, -0.46
0.13, -0.54
-0.02, 0.91
0.80, -0.30
-0.72, 0.54
-0.65, 0.50
0.30, 0.01
-0.17, 0.06
-0.82, 0.17
0.28, -0.17
0.31, 0.70
-0.88, 0.55
0.38, -0.69
-0.28, 0.05
-0.55, -0.14
0.07, 0.60
-0.13, 0.48
0.56, 0.01
-0.49, -0.13
0.08, -0.56
0.85, -0.43
0.46, 0.12
-0.14, 0.52
-0.70, -0.31
0.45, 0.06
-0.50, -0.58
0.76, -0.61
-0.67, -0.47
0.52, -0.91
-0.24, -0.94
0.88, -0.18
0.07, -0.61
-0.51, 0.38
-0.28, 0.70
0.75, -0.89
0.94, -0.45
0.95, 0.03
0.71, 0.19
0.56, 0.97
-0.68, -0.65
0.76, -0.29
-0.22, -0.49
-0.07, 0.78
0.02, -0.38
0.87, -0.07
0.90, -0.77
0.52, 0.72
0.53, -0.70
0.47, 0.56
-0.65, 0.83
0.23, 0.06
0.43, 0.26
-0.69, -0.49
0.77, 0.75
-0.49, 0.87
0.35, -0.36
0.46, -0.95
0.35, -0.55
0.05, -0.56
-0.80, -0.20
0.01, -0.19
-0.79, 0.11
-0.68, 0.66
-0.82, -0.93
-0.30, 0.23
-0.37, 0.84
-0.63, 0.26
-0.76, -0.40
0.91, -0.21
-0.35, -0.15
0.88, 0.50
-0.74, 0.05
-0.21, 0.04
-0.82, 0.97
0.29, 0.81
0.80, 0.09
0.89, -0.29
-0.21, 0.00
0.71, 0.24
-0.12, -0.16
-0.38, -0.34
-0.30, 0.63
0.67, -0.04
0.23, 0.21
-0.09, 0.46
0.56, 0.29
-0.41, 0.94
0.24, 0.64
-0.53, -0.01
0.84, -0.58
-0.56, -0.58
-0.87, -0.67
0.21, -0.07
-0.23, -0.86
-0.43, -0.65
0.45, -0.37
0.03, 0.78
-0.57, 0.87
-0.23, -0.12
-0.52, -0.25
-0.53, 0.44
0.78, 0.63
-0.31, -0.78
0.05, 0.68
-0.50, -0.09
0.53, 0.94
0.43, -0.75
-0.95, -0.89
-0.27, -0.26
0.20, 0.65
-0.91, 0.57
-0.97, -0.36
0.33, -0.81
-0.01, 0.45
-0.84, -0.60
0.12, -0.06
-0.23, 0.71
-0.26, 0.79
-0.26, 0.26
-0.23, 0.01
-0.81, -0.41
-0.41, 0.94
0.43, 0.72
-0.86, 0.41
0.96, 0.94
-0.26, 0.63
0.47, -0.86
-0.64, -0.10
-0.44, 0.15
0.28, -0.35
-0.46, 0.30
0.25, -0.45
-0.27, 0.72
-0.52, 0.80
-0.77, -0.84
0.89, -0.48
0.47, -0.77
-0.84, -0.21
-0.31, 0.01
0.35, -0.10
-0.15, 0.90
0.29, -0.28
-0.15, 0.41
-0.65, -0.98
0.61, -0.98
-0.55, -0.96
-0.43, -0.79
0.75, -0.33
0.21, 0.92
0.79, 0.05
0.53, -0.47
-0.59, 0.24
-0.60, 0.69
-0.89, -0.68
0.79, -0.98
0.92, 0.57
-0.52, 0.53
0.18, 0.70
-0.17, 0.82
-0.42, -0.87
0.62, 0.02
0.38, -0.56
0.52, 0.76
0.30, 0.23
-0.39, -0.14
-0.06, 0.19
0.36, -0.38
0.94, -0.51
-0.36, -0.54
0.56, 0.19
-0.55, -0.78
-0.70, -0.43
-0.49, -0.40
0.19, 0.47
-0.25, -0.89
-0.69, -0.02
0.59, 0.82
-0.22, -0.15
0.61, -0.74
-0.30, -0.02
-0.07, -0.34
0.52, 0.19
0.59, -0.69
0.47, -0.09
-0.67, -0.83
-0.90, -0.75
-0.98, -0.93
-0.03, -0.38
-0.84, -0.33
.76
0.65, -0.32
-0.76, -0.47
0.06, -0.63
0.31, 0.88
-0.64, -0.56
-0.59, 0.24
0.28, -0.79
0.14, 0.34
0.81, 0.19
-0.89, 1.00
0.75, -0.50
0.94, -0.92
-0.77, 0.50
-0.05, -0.01
-0.77, 0.95
0.27, -0.42
0.47, 0.81
-0.85, 0.65
-0.35, -0.97
-0.71, -0.95
-0.15, 0.46
0.94, 0.22
0.12, -0.02
-0.55, 0.31
-0.90, -0.04
-0.88, -0.17
-0.78, 0.61
0.87, 0.61
-0.61, -0.08
0.78, 0.04
-0.68, 0.80
-0.39, -0.56
-0.67, 0.16
-0.91, 0.88
-0.27, -0.50
0.34, -0.01
0.16, -0.75
0.65, 0.02
-0.43, -0.65
-0.23, 0.75
-0.48, -0.10
0.81, 1.00
0.96, 0.38
-0.92, -0.65
-0.17, -0.93
-0.70, -0.91
0.27, 0.63
0.96, 0.49
-0.06, 0.63
-0.09, -0.38
0.58, 0.95
0.64, 0.70
0.27, -0.74
0.96, 0.12
-0.05, 0.13
-0.49, 0.42
-0.90, -0.72
0.32, 0.13
0.58, 0.72
-0.78, 0.06
0.08, 0.02
-0.27, -0.14
0.23, 0.61
0.92, -0.59
-0.54, -0.18
-0.94, -0.97
-0.08, 0.89
0.11, 0.27
0.50, 0.11
-0.96, 0.40
-0.25, -0.23
-0.56, -0.37
0.90, 0.62
-0.17, -0.01
0.82, -0.33
-0.80, -0.02
-0.49, 0.20
-0.65, -0.54
0.82, -0.69
0.50, 0.29
0.92, 0.67
0.23, -0.69
-0.02, -0.71
0.04, 0.23
0.30, 0.58
0.16, -0.57
-0.48, -0.29
-0.09, 0.29
-0.62, 0.83
-0.10, 0.03
0.13, 0.17
0.58, -0.00
-0.16, -0.90
-0.92, -0.69
-0.58, 0.34
0.43, -0.82
0.74, -0.98
-0.21, -0.25
0.81, -0.85
0.52, 0.76
-0.07, 0.33
0.82, -0.40
-0.48, 0.04
0.87, 0.35
0.20, -0.05
0.65, -0.52
0.95, -0.86
0.70, 0.14
0.22, -0.58
0.38, 0.22
0.93, 0.51
0.94, 0.44
0.91, -0.44
0.83, 0.10
-0.02, -0.91
0.10, 0.83
0.69, -0.47
0.38, 0.42
0.93, -0.60
-0.60, -0.69
-0.49, 0.41
-0.58, -0.52
-0.61, 0.28
-0.86, 0.84
-0.61, -0.66
0.59, 0.94
-0.26, 0.25
-0.17, 0.38
-0.44, -0.91
0.89, 0.58
0.89, 0.73
-0.04, -0.60
0.28, 0.46
0.46, 0.47
0.68, -0.43
-0.22, -0.99
-0.03, 0.37
-0.52, -0.02
-0.64, 0.51
-0.47, 0.34
0.57, -0.72
-0.13, -0.78
0.86, 0.56
-0.91, 0.97
-0.26, 0.65
-0.47, 0.88
-0.21, -0.89
0.86, -0.77
-0.24, -0.13
-0.39, -0.03
-0.47, -0.43
-0.50, -0.67
0.93, 0.43
0.54, -0.90
0.70, -0.26
-0.61, 0.78
0.82, -0.57
0.61, 0.75
-0.05, -0.85
-0.53, -0.84
-0.61, -0.79
0.41, -0.59
0.02, -0.36
0.73, 0.70
-0.98, 0.81
0.19, -0.73
1.00, -0.23
0.85, -0.62
-0.66, 0.99
-0.30, 0.39
-0.14, -0.53
-0.91, -0.68
-0.83, 0.61
0.86, -0.22
-0.02, 0.75
0.44, 0.67
0.92, 0.24
-0.10, 0.91
0.31, -0.03
-0.58, 0.06
0.71, 0.61
0.05, -0.58
-0.92, 0.83
0.13, 0.29
0.75, 0.30
-0.70, -0.69
0.79, -0.61
0.32, 0.53
0.99, -0.64
-0.83, -0.83
-0.59, -0.91
-0.02, -0.66
0.11, -0.05
0.67, 0.56
-0.51, 0.33
-0.34, -0.08
0.63, 0.38
0.74, 0.39
0.51, 0.18
0.35, -0.22
0.94, -0.46
-0.35, 0.61
-0.94, -0.29
-0.78, -0.70
0.23, -0.81
-0.78, -0.38
0.11, 0.36
0.74, 0.65
-0.96, 0.32
-0.64, 0.83
-0.50, -0.79
-0.12, -0.27
0.09, 0.98
0.36, 0.25
0.40, 0.02
-0.17, -0.21
0.74, 0.80
0.10, -0.08
0.16, 0.08
0.47, -0.58
0.45, 0.05
-0.38, 0.68
0.82, 0.30
-0.02, 0.77
0.89, 0.07
-0.65, 0.07
-0.25, 0.59
-0.27, -0.66
-0.69, 0.95
-0.57, 0.42
0.29, -0.65
0.64, 0.42
-0.26, -0.19
-0.12, -0.95
0.72, 0.39
0.68, -0.22
0.92, -0.96
-0.57, -0.76
-0.25, -0.47
0.52, -0.66
-0.28, -0.66
0.08, 0.25
0.60, 0.86
-0.98, 0.64
0.33, -0.91
0.65, 0.67
-0.14, -0.62
-0.93, -0.18
-0.87, -0.08
0.63, 0.70
0.98, -0.58
-0.51, 0.94
0.39, 0.30
-0.02, 0.50
0.91, 0.52
-0.33, -0.82
-0.58, 0.98
0.66, 0.87
0.30, -0.28
0.38, 0.17
-0.12, 0.80
0.92, 0.89
0.96, 0.96
0.02, 0.35
-0.43, -0.23
0.74, -0.58
-0.11, -0.19
0.88, 0.04
0.01, -0.46
-0.30, -0.74
-0.28, 0.45
0.33, -0.21
-0.88, -0.52
0.59, 0.24
-0.19, -0.90
0.09, -0.99
-0.97, -0.14
-0.29, -0.67
-0.53, 0.15
-0.08, 0.42
0.56, -0.35
0.49, -0.31
-0.96, 0.57
0.18, 0.80
-0.41, 0.22
0.22, -0.37
-0.61, 0.74
-0.94, -0.40
0.54, 0.36
-0.82, 0.98
0.59, -0.67
0.09, -0.03
-0.09, -0.61
0.05, 0.43
-0.32, -0.56
-0.34, -0.87
0.93, -0.21
-0.11, 0.50
-0.63, -0.27
-0.36, 0.41
-0.68, -0.78
0.33, -0.10
0.35, -0.14
-0.02, -0.79
-0.02, 0.61
-0.23, -0.88
0.45, 0.69
0.49, 0.62
0.64, 0.21
-0.42, 0.42
0.73, -0.44
-0.43, 0.93
0.71, -0.05
-0.18, -0.44
-0.27, -0.85
-0.42, 0.66
-0.11, -0.13
-0.32, -0.08
-0.94, 0.52
-0.80, -0.70
0.32, -0.93
0.41, -0.43
-0.73, -0.56
0.84, -0.72
0.83, 0.74
-0.60, -0.43
-0.06, 0.65
-0.21, -0.19
-0.84, -0.42
1.00, 0.56
0.83, -0.93
0.35, -0.33
0.03, -0.04
-0.65, 0.82
0.87, -0.44
0.56, -0.57
-0.38, 0.42
0.62, -0.98
-0.82, -0.25
-0.50, -0.55
0.75, 0.01
-0.04, 0.42
0.69, -0.22
0.14, 0.84
-0.14, -0.05
0.62, 0.39
-0.40, -0.44
0.64, -0.56
-0.56, -0.65
-0.64, -0.21
-0.07, 0.20
0.19, -0.37
0.51, 0.36
-0.87, -0.46
0.39, -0.74
-0.22, -0.74
-0.27, -0.05
-0.44, -0.66
0.29, 0.09
0.84, -0.06
0.02, 0.43
-0.97, 0.27
-0.30, 0.79
-0.74, -0.66
0.84, -0.74
0.55, -0.46
-0.27, -0.43
-0.04, -0.15
0.39, -0.33
0.70, 0.21
0.83, -0.47
-0.73, 0.78
0.08, 0.07
0.76, 0.32
-0.06, -0.89
0.07, -0.46
0.47, 0.88
-0.14, 0.23
0.94, 0.27
-0.24, 0.95
0.98, -0.46
0.48, -0.57
-0.73, -0.41
-0.90, 0.05
0.76, 0.55
-0.87, 0.22
0.89, 0.20
-0.61, 0.89
-0.59, 0.13
0.90, -0.91
-0.23, -0.01
-0.12, -0.27
-0.88, -0.74
-0.18, -0.94
0.44, 0.78
0.45, 0.22
0.95, -0.37
0.62, -0.54
-0.63, 0.19
-0.06, -0.95
0.81, 0.42
-0.03, 0.96
-0.97, -0.68
-0.51, 0.94
-0.93, 0.20
0.65, -0.34
0.83, 0.86
0.82, 0.92
-0.12, 0.68
-0.00, -0.87
0.44, 0.80
-0.55, -0.66
0.43, -0.23
0.21, 0.24
-0.93, -0.80
-0.32, -0.27
0.29, -0.07
-0.23, 0.57
-0.76, -0.76
-0.50, -0.12
-0.17, 0.93
-0.75, -0.02
0.94, 0.59
0.65, -0.25
0.75, 0.66
0.21, 0.02
-0.52, -0.35
-0.42, 0.85
-0.12, 0.03
-0.96, -0.59
0.62, -0.85
0.25, 0.65
0.22, 0.57
0.90, -0.79
-0.40, -0.09
-0.91, 0.82
-0.91, 0.01
-0.37, -0.76
-0.33, -0.43
0.48, -0.34
-0.22, -0.05
-0.03, -0.63
-0.61, -0.27
0.19, -0.12
0.28, 0.22
0.97, -0.79
-0.33, 0.78
-0.38, 0.63
-0.54, 0.04
-0.04, 0.77
0.78, -0.54
0.88, -0.50
0.52, 0.19
0.99, 0.46
-0.69, -0.72
-0.63, -0.30
-0.11, -0.67
0.73, -0.88
0.77, -0.94
0.25, -0.98
-0.20, 0.94
-0.95, 0.13
-0.74, 0.20
0.80, 0.29
-0.91, 0.97
0.12, 0.59
-0.14, -0.46
-0.14, -0.85
0.99, -0.08
-0.65, -0.57
-0.05, -0.34
-0.50, 0.85
-0.98, -0.51
0.36, 0.56
0.16, 0.04
-0.20, 0.46
-0.19, 0.93
0.85, -0.65
0.29, 0.54
-0.70, 0.21
-0.31, 0.83
0.38, -0.40
-0.33, 0.88
-0.66, -0.30
0.34, -0.52
-0.31, 0.27
-0.63, -0.97
-0.50, -0.95
0.13, 0.05
0.32, -0.86
0.58, -0.80
0.65, -0.21
-0.39, -0.94
0.37, 0.18
0.80, -0.61
0.13, -0.26
-0.52, 0.19
-0.56, -0.33
0.67, -0.37
0.07, -0.83
0.01, 0.97
-0.29, 0.29
0.88, 0.56
0.43, -0.91
0.09, -0.17
0.67, -0.20
-0.82, -0.21
0.61, 0.34
-0.78, 0.59
-0.61, 0.39
-0.65, 0.38
-0.72, -0.61
0.93, 0.18
0.46, 0.02
0.59, -0.76
0.44, -0.73
0.69, -0.92
-0.36, 0.57
0.88, -0.29
0.37, -0.19
-0.60, -0.16
-0.25, -0.08
0.74, -0.51
0.97, -0.46
-0.78, 0.44
0.21, -0.64
0.44, 0.02
-1.00, 0.05
-0.51, -0.93
0.96, -0.65
0.47, -0.23
-0.25, -0.51
0.67, -0.95
0.42, 0.52
-0.94, 0.98
-0.47, -0.90
0.10, -0.14
0.28, 0.45
-0.39, 0.26
-0.98, 0.70
0.63, -0.04
0.63, -0.45
0.01, -0.24
0.86, -0.14
0.68, 0.49
-0.34, 0.41
0.12, -0.47
-0.18, -0.83
0.46, -0.77
0.13, 0.84
0.87, 0.09
0.18, -0.98
-0.49, -0.24
-0.67, -0.20
-0.53, -0.50
-0.26, -0.26
0.96, 0.23
-0.91, 0.79
